14365	2058	3	3	0	0	0	0	0	0	0	0	0	0	0.13	0	0	3	3	1	5.666666666666667
23503	2060	1023	65	0	0	456	0	19	0	0	31	0	2	77.29999999999927	318	17	442	54	25	3.8426197458455524
42367	2101	2	0	0	0	0	2	0	0	0	0	0	0	0.16	0	0	0	0	0	3.0
43544	2067	1	0	0	0	0	0	0	0	0	0	0	0	0.025	0	0	0	0	0	9.0
58344	2095	21	0	2	0	0	0	0	0	0	0	0	0	1.3200000000000003	2	0	2	0	0	7.714285714285714
58485	2068	2	2	0	0	0	0	0	0	0	0	0	0	0.1	0	0	2	2	2	5.0
62306	2067	1	0	0	0	0	0	0	0	0	0	0	0	0.025	0	0	0	0	0	8.0
64440	2060	1285	18	1	0	15	2	13	1	0	0	0	0	41.15500000000001	46	5	134	16	14	7.2988326848249026
68705	2063	2	0	0	0	0	2	0	0	0	0	0	0	0.16	0	0	0	0	0	3.0
78330	2095	2	0	0	0	0	0	0	0	0	0	0	0	0.08	0	0	0	0	0	6.0
101414	2095	150	0	0	0	0	2	10	0	0	0	0	0	5.189999999999999	0	0	4	0	0	6.726666666666667
103291	2095	183	4	0	4	3	6	5	0	0	0	0	0	8.249999999999991	0	0	12	4	4	5.808743169398907
119537	2063	2	2	0	2	0	0	0	0	2	0	0	0	0.32	2	2	2	2	2	1.0
135869	2095	5	0	0	0	0	0	0	0	0	0	0	0	0.125	0	0	0	0	0	8.6
149785	2060	9	0	0	0	0	0	3	0	0	0	0	0	0.42	0	0	0	0	0	5.333333333333333
151212	2063	2	0	2	0	0	0	0	0	0	0	0	0	0.82	2	0	2	0	0	0.0
158063	2095	2	0	0	0	0	0	0	0	0	0	0	0	0.05	0	0	0	0	0	9.0
159128	2095	4	0	0	0	0	0	0	0	0	0	0	0	0.10999999999999999	0	0	0	0	0	8.0
165770	2095	2	0	0	0	0	0	0	0	0	0	0	0	0.05	0	0	0	0	0	8.0
177386	2058	22	21	20	2	0	0	0	19	2	0	0	0	8.520000000000001	22	21	22	21	1	0.09090909090909091
177503	2060	1188	93	1	10	21	8	37	0	2	5	0	3	37.40499999999934	44	13	105	56	31	8.656565656565656
177869	2095	14	0	0	0	0	0	2	0	0	0	0	0	0.42000000000000015	2	0	2	0	0	7.714285714285714
178633	2060	2	0	0	0	0	0	0	0	0	0	0	0	0.05	0	0	0	0	0	10.0
178680	2101	2	0	0	0	2	0	0	0	0	0	0	0	0.22	0	0	0	0	0	2.0
190840	2058	6	0	2	0	0	0	0	0	0	0	0	0	0.925	2	0	2	0	0	5.166666666666667
197375	2095	5	0	0	0	2	0	0	0	0	0	0	0	0.3	0	0	0	0	0	5.8
201517	2060	1383	156	0	276	30	0	0	0	77	8	0	0	83.02500000000018	271	75	372	139	41	5.997830802603037
207978	2063	2	0	0	0	0	0	0	0	0	0	0	0	0.1	0	0	0	0	0	5.0
215619	2060	6	0	0	0	0	0	6	0	0	0	0	0	0.36	0	0	3	0	0	4.0
215631	2058	19	2	2	6	10	0	0	0	0	2	0	0	2.92	2	0	15	2	2	1.6842105263157894
215649	2060	125	4	0	0	21	0	0	0	0	0	0	0	5.810000000000008	9	0	15	2	0	6.536
235586	2060	65	4	0	0	0	0	0	0	0	0	0	0	1.87	2	0	5	3	3	8.261538461538462
238228	2095	171	2	0	0	0	0	1	0	0	0	0	0	6.789999999999993	0	0	4	2	2	6.187134502923977
238809	2095	13	2	0	1	2	2	2	0	0	0	2	0	0.8600000000000002	2	2	2	2	2	4.538461538461538
239822	2060	74	4	0	1	0	7	5	0	0	0	2	0	2.914999999999999	1	1	6	4	4	7.608108108108108
244189	2068	2	2	2	0	0	0	0	2	0	0	0	0	0.82	2	2	2	2	0	0.0
258529	2068	2	0	0	0	0	0	0	0	0	0	0	0	0.05	0	0	0	0	0	8.0
270118	2095	190	40	16	15	14	90	50	12	8	2	10	8	20.909999999999975	29	22	55	40	28	2.8526315789473684
270335	2068	2	0	0	0	0	0	2	0	0	0	0	0	0.12	0	0	2	0	0	4.0
280353	2095	17	0	0	0	0	0	0	0	0	0	0	0	0.4250000000000001	0	0	0	0	0	8.764705882352942
283657	2060	1115	159	39	157	324	5	10	2	42	71	0	0	94.83499999999997	379	69	498	152	85	5.324663677130045
285759	2063	2	0	0	0	0	0	2	0	0	0	0	0	0.12	0	0	0	0	0	4.0
286814	2095	12	0	0	0	2	0	0	0	0	0	0	0	0.51	2	0	2	0	0	6.833333333333333
286925	2068	2	0	0	0	2	0	0	0	0	0	0	0	0.22	0	0	2	0	0	2.0
290014	2095	14	0	0	0	0	0	0	0	0	0	0	0	0.35000000000000003	0	0	0	0	0	9.0
300445	2060	6	6	3	3	0	0	0	3	3	0	0	0	1.7099999999999997	6	6	6	6	3	0.5
304590	2058	3	2	0	0	0	0	1	0	0	0	0	0	0.16	0	0	3	2	0	4.666666666666667
307943	2060	17	0	0	3	4	0	0	0	0	0	0	0	1.205	1	0	4	0	0	5.470588235294118
307945	2058	17	0	0	0	0	0	0	0	0	0	0	0	0.7250000000000002	0	0	0	0	0	5.823529411764706
309568	2095	2	0	0	0	0	0	0	0	0	0	0	0	0.06	0	0	0	0	0	7.0
336206	2095	16	6	6	0	2	4	0	4	0	2	0	0	3.1600000000000006	6	4	6	4	0	2.5
336910	2063	2	0	0	0	0	0	0	0	0	0	0	0	0.08	0	0	0	0	0	6.0
338372	2058	22	17	0	10	3	2	4	0	9	2	2	4	2.45	0	0	16	15	6	2.5454545454545454
340999	2095	3	0	0	0	1	0	0	0	0	0	0	0	0.21000000000000002	0	0	0	0	0	4.0
344048	2067	1	0	0	0	1	0	0	0	0	0	0	0	0.11	1	0	1	0	0	2.0
344873	2060	1102	124	0	0	208	4	21	0	0	37	2	5	61.86499999999917	181	33	297	105	47	5.06442831215971
350675	2068	2	0	0	0	0	0	0	0	0	0	0	0	0.06	0	0	0	0	0	7.0
360432	2095	16	0	0	0	0	2	5	0	0	0	0	0	0.79	0	0	0	0	0	5.6875
367938	2063	2	0	0	0	0	0	0	0	0	0	0	0	0.05	0	0	0	0	0	9.0
382086	2063	2	0	0	0	0	0	0	0	0	0	0	0	0.05	0	0	0	0	0	8.0
384792	2067	1	0	0	1	0	0	0	0	0	0	0	0	0.16	1	0	1	0	0	1.0
387565	2067	1	1	0	0	0	0	0	0	0	0	0	0	0.05	1	1	1	1	1	5.0
416306	2060	261	25	2	3	52	5	2	0	0	4	0	0	13.38000000000002	53	4	69	16	10	6.915708812260537
422628	2101	2	0	0	0	0	0	0	0	0	0	0	0	0.08	0	0	0	0	0	6.0
433104	2101	2	0	0	0	0	0	0	0	0	0	0	0	0.05	0	0	0	0	0	10.0
433529	2095	173	49	0	0	127	7	11	0	0	45	0	2	16.14499999999998	13	12	53	46	27	3.0
434627	2060	101	2	0	0	0	0	0	0	0	0	0	0	2.524999999999995	0	0	2	2	0	10.475247524752476
434649	2058	17	0	0	0	0	0	6	0	0	0	0	0	0.655	0	0	0	0	0	6.588235294117647
435112	2060	11	0	0	2	0	0	0	0	0	0	0	0	0.67	2	0	2	0	0	5.181818181818182
435140	2095	112	10	0	5	9	14	42	0	0	4	4	2	6.6350000000000025	1	0	17	10	2	5.0
445782	2060	1396	307	2	919	56	0	11	2	244	10	0	0	167.8599999999986	860	232	960	287	122	2.9126074498567336
482785	2063	2	0	0	0	2	0	0	0	0	0	0	0	0.22	0	0	0	0	0	2.0
495531	2060	508	23	2	1	0	1	3	0	1	0	1	0	14.045000000000107	11	4	36	15	7	9.265748031496063
499557	2067	1	0	0	0	0	0	1	0	0	0	0	0	0.06	1	0	1	0	0	4.0
499643	2063	2	0	0	0	0	0	0	0	0	0	0	0	0.06	0	0	0	0	0	7.0
501293	2095	190	125	150	2	14	14	4	114	0	4	5	2	64.95999999999972	153	115	169	125	80	0.6526315789473685
512384	2067	1	0	0	0	0	1	0	0	0	0	0	0	0.08	1	0	1	0	0	3.0
521943	2060	3	0	0	0	0	0	0	0	0	0	0	0	0.12	0	0	0	0	0	6.0
527620	2095	145	6	0	0	2	4	8	0	0	2	0	2	5.0150000000000015	0	0	8	6	4	7.13103448275862
535326	2060	72	4	0	0	0	0	2	0	0	0	0	2	2.0299999999999985	2	2	2	2	2	9.027777777777779
540646	2068	2	2	0	0	0	2	0	0	0	0	2	0	0.16	0	0	2	2	0	3.0
547172	2095	3	2	0	0	0	0	0	0	0	0	0	0	0.125	2	2	2	2	2	6.333333333333333
548617	2058	3	2	0	0	0	2	0	0	0	0	2	0	0.185	2	2	2	2	0	5.333333333333333
552350	2095	24	0	0	0	0	0	0	0	0	0	0	0	0.6050000000000002	0	0	0	0	0	8.458333333333334
558518	2095	2	0	0	0	0	0	0	0	0	0	0	0	0.05	0	0	0	0	0	8.0
563926	2067	1	0	0	0	0	0	0	0	0	0	0	0	0.04	0	0	0	0	0	6.0
566147	2067	1	0	1	0	0	0	0	0	0	0	0	0	0.41	1	0	1	0	0	0.0
