725	2087	16	1	1	1	2	0	1	0	0	0	0	1	1.1800000000000002	5	1	7	1	1	5.9375
2462	2087	13	1	0	2	0	0	0	0	0	0	0	0	0.7600000000000001	8	0	9	1	0	5.6923076923076925
2994	2062	1	0	1	0	0	0	0	0	0	0	0	0	0.41	1	0	1	0	0	0.0
2996	2062	1	1	0	0	0	0	0	0	0	0	0	0	0.025	0	0	1	1	1	9.0
3042	2087	32	14	0	3	1	2	1	0	0	1	0	0	1.5899999999999996	12	7	22	14	6	6.15625
3042	2093	44	16	27	0	3	1	4	16	0	0	0	0	12.070000000000002	27	16	32	16	3	1.9545454545454546
4836	2058	3	3	0	0	0	0	0	0	0	0	0	0	0.13	0	0	3	3	1	5.666666666666667
4836	2060	6	0	0	0	0	6	0	0	0	0	0	0	0.48000000000000004	0	0	3	0	0	3.0
4930	2087	15533	1429	31	11	12	51	2156	15	5	4	24	307	548.1999999998882	716	331	2222	1288	1017	7.071010107513037
5071	2060	102	8	0	2	0	0	0	0	2	0	0	0	2.8649999999999958	2	2	8	6	6	10.03921568627451
5963	2065	2	0	0	0	0	0	0	0	0	0	0	0	0.05	0	0	0	0	0	8.0
6178	2062	1	1	0	0	0	0	0	0	0	0	0	0	0.03	0	0	1	1	0	7.0
6559	2093	2	0	0	0	2	0	0	0	0	0	0	0	0.22	0	0	0	0	0	2.0
6586	2086	2	0	2	0	0	0	0	0	0	0	0	0	0.82	2	0	2	0	0	0.0
7798	2060	1104	65	0	0	456	0	19	0	0	31	0	2	79.6599999999992	318	17	444	54	25	4.163949275362318
9429	2087	8	0	0	2	0	0	0	0	0	0	0	0	0.5599999999999999	6	0	6	0	0	4.75
9962	2065	2	0	0	0	0	0	0	0	0	0	0	0	0.06	0	0	0	0	0	7.0
10663	1213	17	4	0	0	0	6	6	0	0	0	2	2	0.9949999999999999	0	0	2	2	2	4.588235294117647
11483	2061	93	0	0	0	0	0	0	0	0	0	0	0	2.584999999999997	0	0	2	0	0	8.204301075268818
11626	2061	48	3	1	4	0	0	4	0	0	0	0	0	2.940000000000001	5	0	10	3	3	5.104166666666667
11769	2061	58	16	0	0	0	46	2	0	0	0	15	0	4.1350000000000025	4	2	18	16	6	3.8793103448275863
11949	2061	106	29	0	3	10	38	46	0	0	4	14	10	7.634999999999998	4	4	28	22	11	3.669811320754717
12485	2087	3	0	0	0	0	0	0	0	0	0	0	0	0.15000000000000002	3	0	3	0	0	5.0
12661	2101	2	0	0	0	0	2	0	0	0	0	0	0	0.16	0	0	0	0	0	3.0
12782	2087	1	0	1	0	0	0	0	0	0	0	0	0	0.41	1	0	1	0	0	0.0
12885	2067	1	0	0	0	0	0	0	0	0	0	0	0	0.025	0	0	0	0	0	9.0
12907	2087	20491	5626	1743	6353	5973	2482	1091	1090	2163	1394	480	161	2770.0649999998905	6820	3603	10390	5361	3716	2.301986237860524
13305	2073	2	0	0	0	0	0	0	0	0	0	0	0	0.05	0	0	0	0	0	9.0
13613	2093	6	0	0	0	0	0	0	0	0	0	0	0	0.19999999999999998	0	0	0	0	0	6.833333333333333
13722	2072	4	0	0	0	2	0	0	0	0	0	0	0	0.32	0	0	0	0	0	3.5
15345	2087	20	3	2	2	0	2	1	0	0	0	0	1	1.8250000000000002	14	2	15	3	2	4.85
15355	2097	6	0	0	2	0	2	0	0	0	0	0	0	0.53	0	0	0	0	0	4.0
15355	2071	3	0	0	0	0	0	0	0	0	0	0	0	0.12	2	0	2	0	0	6.0
16945	2068	2	2	0	0	0	0	0	0	0	0	0	0	0.1	0	0	2	2	2	5.0
16945	2085	39	2	2	0	0	6	9	2	0	0	0	0	2.899999999999999	2	2	4	2	0	4.3076923076923075
16945	2087	213	17	3	5	5	7	10	0	0	2	1	2	8.865000000000014	20	5	40	15	10	7.450704225352113
16945	2060	81	3	36	11	23	3	2	2	0	1	0	0	19.560000000000002	54	2	56	3	2	1.5061728395061729
16945	2093	27	12	0	18	9	0	0	0	8	4	0	0	3.8699999999999997	9	4	22	12	9	1.3333333333333333
16945	2095	21	0	2	0	0	0	0	0	0	0	0	0	1.3199999999999994	2	0	2	0	0	7.714285714285714
17878	2065	6	2	0	0	2	2	2	0	0	2	0	0	0.5	2	2	2	2	2	3.0
17878	2066	6	0	3	0	0	0	0	0	0	0	0	0	1.305	3	0	3	0	0	4.0
17878	2067	1	0	0	0	0	0	0	0	0	0	0	0	0.025	0	0	0	0	0	8.0
17878	2087	120	8	7	2	2	0	4	0	2	1	0	0	7.030000000000002	22	7	25	8	7	6.425
17878	2071	269	72	77	14	40	51	37	28	7	11	12	13	46.16499999999978	130	54	179	72	53	2.8104089219330857
17878	2058	2	0	0	0	0	0	0	0	0	0	0	0	0.06	0	0	2	0	0	7.0
17878	2060	1490	24	1	3	22	7	30	1	0	0	0	0	49.37499999999974	64	7	156	18	14	7.253020134228188
17878	2093	27	10	0	6	8	5	3	0	2	4	0	1	2.6699999999999995	8	6	15	10	10	2.740740740740741
17878	2061	202	51	103	51	39	6	0	34	9	6	2	0	55.26999999999977	148	41	160	47	36	0.8217821782178217
17878	2063	2	0	0	0	0	2	0	0	0	0	0	0	0.16	0	0	0	0	0	3.0
18115	2101	2	2	0	2	0	0	0	0	2	0	0	0	0.32	2	2	2	2	2	1.0
18115	2085	37	10	0	0	14	5	14	0	0	6	2	2	2.920000000000001	3	3	11	9	4	3.3783783783783785
18115	1213	25	13	15	4	3	3	0	6	4	3	0	0	7.360000000000002	20	11	22	13	9	0.76
18654	2087	1022	76	1	0	2	5	23	1	0	0	0	4	28.879999999999583	37	6	121	55	41	8.117416829745597
18897	2061	13	0	0	0	0	0	0	0	0	0	0	0	0.325	0	0	0	0	0	9.846153846153847
20384	2095	2	0	0	0	0	0	0	0	0	0	0	0	0.08	0	0	0	0	0	6.0
21161	2087	11	2	0	0	3	2	0	0	0	2	0	0	0.7000000000000001	2	0	6	2	0	4.909090909090909
22645	2087	20	0	2	0	1	0	3	0	0	0	0	0	1.6350000000000002	4	0	8	0	0	5.35
22941	2093	16	4	3	2	0	2	0	2	2	0	0	0	1.98	3	2	5	4	2	4.625
24727	2087	20072	1324	13	1	206	144	4357	5	0	34	16	437	872.1599999996567	1222	364	3453	1139	777	5.852431247508968
25432	2086	2	2	0	0	0	0	0	0	0	0	0	0	0.05	0	0	2	2	2	10.0
26353	2061	5	0	0	0	0	0	0	0	0	0	0	0	0.125	0	0	0	0	0	10.0
26458	2087	13	3	2	3	1	0	0	0	0	1	0	0	1.5999999999999996	5	0	8	3	2	5.0
26487	2087	8	2	2	0	0	0	2	0	0	0	0	2	1.0399999999999998	4	2	4	2	2	5.625
26512	2095	150	0	0	0	0	2	10	0	0	0	0	0	5.189999999999998	0	0	4	0	0	6.726666666666667
26972	2095	183	4	0	4	3	6	5	0	0	0	0	0	8.250000000000002	0	0	12	4	4	5.808743169398907
27212	2061	1	0	0	0	0	0	0	0	0	0	0	0	0.03	0	0	0	0	0	7.0
27656	2093	13	0	0	0	0	0	0	0	0	0	0	0	0.38500000000000006	0	0	0	0	0	7.923076923076923
27769	2089	2	0	0	0	0	0	0	0	0	0	0	0	0.05	0	0	0	0	0	9.0
28121	2087	8	1	1	0	0	5	0	1	0	0	0	0	0.87	6	1	6	1	0	3.625
28650	2061	2	0	0	0	0	0	0	0	0	0	0	0	0.05	0	0	0	0	0	10.0
29553	2093	1	0	0	0	0	0	0	0	0	0	0	0	0.03	0	0	0	0	0	7.0
29632	2093	2	0	0	0	0	0	0	0	0	0	0	0	0.05	0	0	0	0	0	9.0
30102	2087	17	4	0	0	0	3	6	0	0	0	2	0	0.9299999999999999	6	2	12	4	4	4.705882352941177
30619	2071	7	0	0	0	0	0	0	0	0	0	0	0	0.185	0	0	0	0	0	8.428571428571429
30746	2072	4	0	0	0	0	0	0	0	0	0	0	0	0.12	0	0	0	0	0	7.0
30856	2063	2	2	0	2	0	0	0	0	2	0	0	0	0.32	2	2	2	2	2	1.0
32638	2066	3	0	0	0	3	0	0	0	0	0	0	0	0.33	3	0	3	0	0	2.0
34120	2087	32	4	0	0	5	1	1	0	0	0	0	0	1.42	11	3	13	4	3	7.0
34120	2095	5	0	0	0	0	0	0	0	0	0	0	0	0.125	0	0	0	0	0	8.6
34866	2072	2	0	0	0	0	0	0	0	0	0	0	0	0.05	0	0	0	0	0	8.0
34936	2091	4	0	0	0	0	0	0	0	0	0	0	0	0.10999999999999999	0	0	0	0	0	8.5
37564	2060	9	0	0	0	0	0	3	0	0	0	0	0	0.42	0	0	0	0	0	5.333333333333333
37858	2063	2	0	2	0	0	0	0	0	0	0	0	0	0.82	2	0	2	0	0	0.0
39410	2087	67	10	1	0	10	4	15	1	0	0	0	4	3.779999999999998	17	7	28	10	9	5.82089552238806
39459	2087	737	23	4	14	6	6	35	0	3	1	0	4	24.86499999999975	40	10	61	16	11	8.19810040705563
39459	2095	6	0	0	0	0	0	0	0	0	0	0	0	0.16	0	0	0	0	0	8.333333333333334
39929	2093	4	0	0	0	0	0	0	0	0	0	0	0	0.1	0	0	0	0	0	8.5
40153	2087	78	14	5	0	6	8	14	2	0	2	0	4	5.730000000000001	15	3	35	12	5	5.166666666666667
40324	2086	2	0	0	0	0	0	0	0	0	0	0	0	0.06	0	0	2	0	0	7.0
40631	2095	2	0	0	0	0	0	0	0	0	0	0	0	0.05	0	0	0	0	0	8.0
44678	2066	3	0	0	0	0	0	0	0	0	0	0	0	0.07500000000000001	0	0	0	0	0	9.0
44678	2085	37	4	0	0	0	14	12	0	0	0	2	0	2.295000000000001	0	0	6	4	2	4.297297297297297
44678	2101	2	0	0	0	2	0	0	0	0	0	0	0	0.22	0	0	0	0	0	2.0
44678	2087	18978	1674	9	6	1338	167	2629	0	2	306	28	324	839.5049999997655	1113	435	3050	1354	782	6.207977658341237
44678	2058	22	21	20	2	0	0	0	19	2	0	0	0	8.520000000000001	22	21	22	21	1	0.09090909090909091
44678	2060	1204	93	1	10	21	8	37	0	2	5	0	3	37.80499999999947	44	13	105	56	31	8.691029900332225
44678	2095	24	0	0	0	0	0	2	0	0	0	0	0	0.7150000000000002	2	0	2	0	0	7.875
45405	2091	2	0	0	0	0	0	0	0	0	0	0	0	0.05	0	0	0	0	0	9.0
45666	2089	4	0	0	0	0	0	0	0	0	0	0	0	0.18	0	0	0	0	0	5.5
47588	2058	6	0	2	0	0	0	0	0	0	0	0	0	0.925	2	0	2	0	0	5.166666666666667
47865	2073	2	0	0	0	0	0	0	0	0	0	0	0	0.08	0	0	0	0	0	6.0
48638	2065	2	0	0	2	0	0	0	0	0	0	0	0	0.32	2	0	2	0	0	1.0
48704	2087	2	0	0	0	0	0	0	0	0	0	0	0	0.055	1	0	1	0	0	7.5
48719	2091	4	0	0	0	0	0	0	0	0	0	0	0	0.16	0	0	0	0	0	6.0
48928	2095	5	0	0	0	2	0	0	0	0	0	0	0	0.3	0	0	0	0	0	5.8
49000	2097	2	0	0	0	2	0	0	0	0	0	0	0	0.22	0	0	0	0	0	2.0
49954	2060	1383	156	0	276	30	0	0	0	77	8	0	0	83.02499999999932	271	75	372	139	41	5.997830802603037
51581	2063	2	0	0	0	0	0	0	0	0	0	0	0	0.1	0	0	0	0	0	5.0
51663	2061	2	0	0	0	0	0	0	0	0	0	0	0	0.06	0	0	0	0	0	7.0
52254	2072	2	0	0	0	0	0	0	0	0	0	0	0	0.05	0	0	0	0	0	9.0
52598	2060	6	0	0	0	0	0	6	0	0	0	0	0	0.36	0	0	3	0	0	4.0
52602	2058	19	2	2	6	10	0	0	0	0	2	0	0	2.9200000000000004	2	0	15	2	2	1.6842105263157894
52605	2060	125	4	0	0	21	0	0	0	0	0	0	0	5.810000000000006	9	0	15	2	0	6.536
53226	2087	6	0	0	0	3	0	0	0	0	0	0	0	0.405	3	0	3	0	0	5.0
53360	2087	3	0	0	0	0	3	0	0	0	0	0	0	0.24	3	0	3	0	0	3.0
55056	2060	1304	95	0	2	78	0	9	0	0	20	0	2	45.64999999999907	73	13	181	75	23	7.318251533742331
55056	2061	3	0	0	0	0	0	0	0	0	0	0	0	0.09	0	0	0	0	0	7.0
55106	2071	44	0	0	0	0	0	0	0	0	0	0	0	1.1250000000000002	0	0	2	0	0	8.840909090909092
55435	2066	3	0	0	0	0	0	0	0	0	0	0	0	0.12	0	0	0	0	0	6.0
55999	2060	65	4	0	0	0	0	0	0	0	0	0	0	1.8699999999999994	2	0	5	3	3	8.261538461538462
56129	2066	3	0	0	0	0	3	0	0	0	0	0	0	0.24	3	0	3	0	0	3.0
56284	2087	32	1	3	6	1	4	2	0	0	1	0	0	3.2750000000000004	11	0	16	1	0	4.53125
56628	2061	2	0	0	0	0	0	0	0	0	0	0	0	0.05	0	0	0	0	0	10.0
56679	2085	28	2	0	0	0	0	0	0	0	0	0	0	1.0200000000000005	0	0	2	2	2	6.785714285714286
56679	2071	211	11	0	0	0	5	15	0	0	0	0	2	7.5450000000000035	10	2	40	9	7	6.95260663507109
56679	2060	74	4	0	1	0	7	5	0	0	0	2	0	2.9149999999999987	1	1	6	4	4	7.608108108108108
56679	2061	11	0	0	0	0	0	0	0	0	0	0	0	0.28	0	0	0	0	0	9.0
56679	2062	1	0	0	0	0	0	0	0	0	0	0	0	0.04	0	0	1	0	0	6.0
56679	2095	184	4	0	1	2	2	3	0	0	0	2	0	7.6499999999999995	2	2	6	4	4	6.070652173913044
56756	2061	98	5	0	0	0	3	20	0	0	0	0	3	4.749999999999998	0	0	9	3	0	5.224489795918367
57479	2068	2	2	2	0	0	0	0	2	0	0	0	0	0.82	2	2	2	2	0	0.0
58222	2087	20503	8359	14093	753	1339	571	2508	7134	290	270	112	402	6299.589999998645	15314	7721	16445	8271	5444	1.0662342096278594
59146	2066	3	3	0	0	0	0	3	0	0	0	0	3	0.18	3	3	3	3	3	4.0
59589	2085	18	0	0	0	0	0	0	0	0	0	0	0	0.4900000000000002	0	0	0	0	0	7.666666666666667
60274	2073	2	0	0	0	0	0	2	0	0	0	0	0	0.12	0	0	0	0	0	4.0
60464	2085	36	11	0	21	2	7	4	0	9	0	2	0	4.4300000000000015	0	0	13	11	7	2.1666666666666665
61019	2097	2	0	0	0	0	0	0	0	0	0	0	0	0.08	0	0	0	0	0	6.0
61229	2068	2	0	0	0	0	0	0	0	0	0	0	0	0.05	0	0	0	0	0	8.0
62670	2087	3	0	3	0	0	0	0	0	0	0	0	0	1.23	3	0	3	0	0	0.0
62779	2087	6	1	0	0	1	0	0	0	0	0	0	0	0.29000000000000004	4	0	5	1	0	5.666666666666667
62835	2061	2	0	0	0	0	0	0	0	0	0	0	0	0.05	0	0	0	0	0	9.0
62850	2085	10	0	0	0	0	0	0	0	0	0	0	0	0.31000000000000005	0	0	0	0	0	7.6
63112	2087	13	6	2	2	0	0	3	2	0	0	0	3	1.5600000000000003	10	5	11	6	2	4.076923076923077
63930	1213	17	0	0	0	0	6	6	0	0	0	0	0	1.0300000000000002	0	0	0	0	0	4.294117647058823
64292	2095	190	40	16	15	14	90	50	12	8	2	10	8	20.909999999999958	29	22	55	40	28	2.8526315789473684
64337	2068	2	0	0	0	0	0	2	0	0	0	0	0	0.12	0	0	2	0	0	4.0
64958	2087	481	12	3	2	3	10	9	0	0	2	0	2	16.750000000000057	23	3	45	12	6	7.713097713097713
66420	2093	8	0	0	0	0	0	0	0	0	0	0	0	0.22999999999999998	0	0	0	0	0	7.75
66446	2071	17	0	0	0	0	2	0	0	0	0	0	0	0.5400000000000001	0	0	2	0	0	8.352941176470589
66633	2095	17	0	0	0	0	0	0	0	0	0	0	0	0.4250000000000001	0	0	0	0	0	8.764705882352942
67436	2060	1115	159	39	157	324	5	10	2	42	71	0	0	94.83499999999924	379	69	498	152	85	5.324663677130045
67652	2089	2	0	0	0	0	0	2	0	0	0	0	0	0.12	0	0	0	0	0	4.0
67705	2060	15	5	3	0	2	2	2	3	0	0	0	0	1.8949999999999998	6	4	10	5	5	4.333333333333333
67709	2063	2	0	0	0	0	0	2	0	0	0	0	0	0.12	0	0	0	0	0	4.0
67831	2097	2	0	0	0	0	0	0	0	0	0	0	0	0.1	0	0	0	0	0	5.0
67831	2066	3	0	0	0	0	0	0	0	0	0	0	0	0.09	0	0	0	0	0	7.0
67831	2068	2	0	0	0	2	0	0	0	0	0	0	0	0.22	0	0	2	0	0	2.0
67831	2085	39	34	37	0	0	0	0	34	0	0	0	0	15.250000000000004	37	34	37	34	19	0.3076923076923077
67831	2087	3130	342	127	38	197	271	489	62	10	42	52	44	194.4800000000076	397	140	748	317	194	6.1629392971246
67831	2061	2	0	0	0	0	0	0	0	0	0	0	0	0.05	0	0	0	0	0	8.0
67831	2062	2	1	0	0	0	1	1	0	0	0	1	0	0.14	1	1	2	1	0	3.5
67831	2095	15	0	0	0	2	0	2	0	0	0	0	0	0.66	2	0	2	0	0	6.466666666666667
68056	2087	153	17	6	9	2	5	2	3	2	0	0	0	8.485000000000015	25	13	47	17	11	6.718954248366013
68056	2095	14	0	0	0	0	0	0	0	0	0	0	0	0.35000000000000003	0	0	0	0	0	9.0
68805	2062	1	0	0	0	0	0	0	0	0	0	0	0	0.025	0	0	0	0	0	10.0
69235	2058	2	0	0	0	0	0	0	0	0	0	0	0	0.05	0	0	0	0	0	9.0
69263	2087	8	5	0	0	0	0	0	0	0	0	0	0	0.28500000000000003	2	2	3	3	2	6.875
69860	2087	2	0	0	0	0	0	0	0	0	0	0	0	0.05	0	0	0	0	0	10.0
70169	2087	3	0	3	0	0	0	0	0	0	0	0	0	1.23	3	0	3	0	0	0.0
70267	2093	11	1	0	0	0	0	4	0	0	0	0	1	0.53	0	0	1	1	0	5.181818181818182
70561	2060	6	6	3	3	0	0	0	3	3	0	0	0	1.7099999999999997	6	6	6	6	3	0.5
71671	2058	3	2	0	0	0	0	1	0	0	0	0	0	0.16	0	0	3	2	0	4.666666666666667
71796	2086	2	0	0	0	0	0	0	0	0	0	0	0	0.1	2	0	2	0	0	5.0
72185	2087	147	7	3	2	2	0	8	0	0	0	0	0	6.250000000000007	12	2	23	7	7	7.217687074829932
72456	2058	22	0	0	0	0	0	3	0	0	0	0	0	1.0050000000000003	0	0	2	0	0	5.5
72456	2060	22	0	0	3	6	0	0	0	0	0	0	0	1.5000000000000004	1	0	4	0	0	5.818181818181818
72559	2089	2	2	2	0	0	0	0	2	0	0	0	0	0.82	2	2	2	2	2	0.0
72764	2095	3	0	0	0	0	0	0	0	0	0	0	0	0.08499999999999999	0	0	0	0	0	7.666666666666667
73164	2087	15	7	2	1	3	0	0	0	0	0	0	0	1.5399999999999998	10	4	13	7	6	5.466666666666667
73206	2086	2	0	0	0	0	0	0	0	0	0	0	0	0.05	0	0	2	0	0	8.0
73206	2087	26	0	0	0	0	2	2	0	0	0	0	0	1.0050000000000001	2	0	4	0	0	6.769230769230769
73206	2058	2	0	0	2	0	0	0	0	0	0	0	0	0.32	2	0	2	0	0	1.0
73336	2091	2	0	0	0	0	0	0	0	0	0	0	0	0.05	0	0	0	0	0	10.0
73435	2060	9	0	0	0	3	0	0	0	0	0	0	0	0.51	0	0	0	0	0	5.444444444444445
74319	2087	3	3	0	0	0	0	0	0	0	0	0	0	0.09	0	0	3	3	3	7.0
74328	2093	10	0	0	2	0	0	0	0	0	0	0	0	0.555	0	0	0	0	0	6.1
74338	2087	13467	446	34	37	51	48	421	4	6	10	4	26	460.6449999998952	463	87	1408	368	249	7.3613276899086655
74353	2065	4	0	2	0	0	0	0	0	0	0	0	0	0.8999999999999999	2	0	2	0	0	3.0
74353	2067	1	0	0	0	1	0	0	0	0	0	0	0	0.11	1	0	1	0	0	2.0
74353	2085	3	3	0	0	0	3	0	0	0	0	3	0	0.24	0	0	3	3	3	3.0
74353	2101	2	0	0	0	0	0	2	0	0	0	0	0	0.12	0	0	0	0	0	4.0
74353	2087	87	0	0	0	0	7	5	0	0	0	0	0	3.194999999999996	1	0	4	0	0	7.172413793103448
74353	2058	22	17	0	10	3	2	4	0	9	2	2	4	2.45	0	0	16	15	6	2.5454545454545454
74353	1213	20	3	0	10	4	0	3	0	1	2	0	0	2.34	4	1	8	3	0	2.4
74353	2093	25	0	0	0	0	11	9	0	0	0	0	0	1.6200000000000008	0	0	6	0	0	4.0
74353	2095	25	6	6	0	3	4	0	4	0	2	0	0	3.53	6	4	6	4	0	4.0
74353	2063	2	0	0	0	0	0	0	0	0	0	0	0	0.08	0	0	0	0	0	6.0
74459	2060	1252	130	0	0	208	6	21	0	0	37	2	5	66.01499999999928	184	33	308	109	49	5.542332268370607
75565	2068	2	0	0	0	0	0	0	0	0	0	0	0	0.06	0	0	0	0	0	7.0
76025	2093	3	0	0	0	0	0	0	0	0	0	0	0	0.125	0	0	1	0	0	6.333333333333333
76087	2087	3	0	0	0	3	0	0	0	0	0	0	0	0.33	3	0	3	0	0	2.0
76160	2087	61	6	0	2	5	6	9	0	0	0	2	0	3.084999999999999	19	0	32	4	4	5.983606557377049
77992	2087	140	21	4	14	3	0	4	0	3	0	0	1	8.03000000000001	28	5	52	19	13	6.128571428571429
78159	2095	17	0	0	0	0	2	6	0	0	0	0	0	0.85	0	0	0	0	0	5.588235294117647
78468	2071	184	24	22	1	7	13	8	11	0	3	4	0	16.475000000000005	37	15	75	24	20	5.081521739130435
78565	2087	6	0	3	3	0	0	0	0	0	0	0	0	1.7099999999999997	6	0	6	0	0	0.5
79455	2063	2	0	0	0	0	0	0	0	0	0	0	0	0.05	0	0	0	0	0	9.0
79589	2066	3	0	0	0	0	0	0	0	0	0	0	0	0.15000000000000002	0	0	0	0	0	5.0
81511	2087	12	1	3	0	0	0	1	0	0	0	0	1	1.5399999999999996	3	0	4	1	0	5.5
82052	2089	2	0	0	0	0	0	0	0	0	0	0	0	0.05	0	0	0	0	0	8.0
84134	2063	2	0	0	0	0	0	0	0	0	0	0	0	0.05	0	0	0	0	0	8.0
84141	2073	2	0	0	0	0	0	0	0	0	0	0	0	0.1	0	0	0	0	0	5.0
84519	2087	11	6	2	0	0	1	5	2	0	0	1	0	1.275	8	6	8	6	4	4.2727272727272725
84752	2067	1	0	0	1	0	0	0	0	0	0	0	0	0.16	1	0	1	0	0	1.0
85593	2067	1	1	0	0	0	0	0	0	0	0	0	0	0.05	1	1	1	1	1	5.0
86415	2072	4	0	2	0	0	2	0	0	0	0	0	0	0.9799999999999999	2	0	2	0	0	1.5
86640	2091	4	4	4	0	0	0	0	4	0	0	0	0	1.64	4	4	4	4	2	0.0
86753	2089	2	0	0	0	0	0	0	0	0	0	0	0	0.05	0	0	0	0	0	10.0
86758	1213	14	0	0	0	0	0	0	0	0	0	0	0	0.6100000000000001	0	0	0	0	0	5.714285714285714
87606	2087	8	1	0	0	3	0	2	0	0	0	0	0	0.54	3	0	4	1	0	4.375
89989	2072	6	0	0	0	0	0	4	0	0	0	0	0	0.29	0	0	0	0	0	5.666666666666667
90501	2093	3	2	0	0	0	0	0	0	0	0	0	0	0.12	0	0	2	2	0	6.0
90513	2093	7	1	0	0	1	0	0	0	0	1	0	0	0.29000000000000004	1	1	1	1	1	6.857142857142857
91932	2060	261	25	2	3	52	5	2	0	0	4	0	0	13.380000000000017	53	4	69	16	10	6.915708812260537
92953	2089	2	0	0	0	2	0	0	0	0	0	0	0	0.22	0	0	0	0	0	2.0
94087	2101	2	0	0	0	0	0	0	0	0	0	0	0	0.08	0	0	0	0	0	6.0
94747	2072	4	0	0	0	0	0	0	0	0	0	0	0	0.15000000000000002	0	0	0	0	0	6.5
95079	2087	10	3	0	0	2	0	3	0	0	0	0	0	0.605	5	0	9	3	1	4.6
96113	2101	2	0	0	0	0	0	0	0	0	0	0	0	0.05	0	0	0	0	0	10.0
96147	2087	9156	1118	32	541	2087	3691	2200	8	115	324	438	193	784.380000000007	1739	453	3405	1030	568	3.050349497597204
96168	2095	173	49	0	0	127	7	11	0	0	45	0	2	16.144999999999968	13	12	53	46	27	3.0
96185	2087	1	1	0	1	0	0	0	0	1	0	0	0	0.16	0	0	1	1	0	1.0
96189	2087	4	2	0	1	0	0	0	0	1	0	0	0	0.26	0	0	2	2	0	5.5
96390	2058	23	3	0	1	2	3	6	0	1	2	0	0	1.2750000000000004	1	1	3	3	0	5.478260869565218
96390	2060	1328	81	3	91	17	0	10	0	25	1	0	0	53.39999999999924	105	24	175	69	48	8.251506024096386
96503	2085	2	0	0	0	0	0	0	0	0	0	0	0	0.05	0	0	0	0	0	9.0
96503	2060	12	0	0	2	0	0	0	0	0	0	0	0	0.6950000000000002	2	0	2	0	0	5.5
96503	2095	112	10	0	5	9	14	42	0	0	4	4	2	6.635000000000001	1	0	17	10	2	5.0
97325	2087	3	0	0	0	0	0	0	0	0	0	0	0	0.07500000000000001	0	0	0	0	0	10.0
97371	2093	4	0	0	0	0	0	1	0	0	0	0	0	0.18000000000000002	0	0	0	0	0	5.5
97539	2073	2	0	0	0	0	0	0	0	0	0	0	0	0.05	0	0	0	0	0	8.0
97659	2093	19	3	0	0	0	1	0	0	0	0	1	0	0.7100000000000003	1	1	4	3	2	6.368421052631579
97843	2093	2	0	0	0	0	0	0	0	0	0	0	0	0.05	0	0	0	0	0	8.0
98173	2060	1396	307	2	919	56	0	11	2	244	10	0	0	167.8599999999983	860	232	960	287	122	2.9126074498567336
98177	2062	1	1	0	0	0	0	0	0	0	0	0	0	0.05	0	0	1	1	0	5.0
98443	2097	2	2	2	0	0	0	0	2	0	0	0	0	0.82	2	2	2	2	2	0.0
100310	2061	106	68	0	46	53	0	7	0	34	33	0	1	13.610000000000001	67	56	73	62	34	1.6981132075471699
100889	2062	2	0	0	0	1	0	0	0	0	0	0	0	0.135	1	0	2	0	0	5.0
100911	2087	93	15	3	2	8	16	30	3	0	1	3	4	6.819999999999995	29	7	48	14	6	4.344086021505376
100972	2087	2	0	0	0	0	0	0	0	0	0	0	0	0.05	0	0	0	0	0	8.0
101763	2089	2	0	0	0	0	0	0	0	0	0	0	0	0.06	0	0	0	0	0	7.0
102057	2087	5	2	0	0	0	0	0	0	0	0	0	0	0.18	0	0	4	2	1	7.2
102565	2093	2	0	0	0	0	0	2	0	0	0	0	0	0.12	0	0	0	0	0	4.0
102863	2087	14	2	0	2	3	1	0	0	0	0	0	0	1.03	4	0	8	1	0	4.571428571428571
102933	2087	16571	990	59	6	40	4	252	14	1	9	2	31	601.8849999998683	702	196	2140	839	571	6.906040673465693
102934	2087	2	0	0	0	0	0	0	0	0	0	0	0	0.1	0	0	0	0	0	5.0
104993	2072	4	0	0	2	0	2	0	0	0	0	0	0	0.48	0	0	0	0	0	2.0
107389	2063	2	0	0	0	2	0	0	0	0	0	0	0	0.22	0	0	0	0	0	2.0
107417	1213	12	0	0	0	0	0	0	0	0	0	0	0	0.42	0	0	0	0	0	6.5
107434	2085	2	0	0	0	0	2	0	0	0	0	0	0	0.16	0	0	0	0	0	3.0
107528	2087	18425	6753	4491	7663	4400	654	200	2435	3030	1048	149	31	3649.359999999499	9887	5178	12309	6537	4204	1.4669742198100406
107528	2093	1	0	0	0	0	0	1	0	0	0	0	0	0.06	0	0	0	0	0	4.0
108035	2072	2	0	0	0	0	0	0	0	0	0	0	0	0.08	0	0	0	0	0	6.0
108461	2085	8	0	0	0	0	0	0	0	0	0	0	0	0.19999999999999998	0	0	0	0	0	9.0
108461	2060	551	23	2	1	0	3	10	0	1	0	1	0	15.775000000000114	15	4	40	15	7	9.070780399274048
108461	2061	102	13	0	0	0	11	27	0	0	0	5	2	5.509999999999994	1	1	18	13	8	4.705882352941177
108687	2087	2	0	0	0	0	0	2	0	0	0	0	0	0.12	0	0	0	0	0	4.0
109458	2067	1	0	0	0	0	0	1	0	0	0	0	0	0.06	1	0	1	0	0	4.0
109485	2063	2	0	0	0	0	0	0	0	0	0	0	0	0.06	0	0	0	0	0	7.0
109954	2095	190	125	150	2	14	14	4	114	0	4	5	2	64.95999999999971	153	115	169	125	80	0.6526315789473685
110012	2087	7	3	0	2	0	0	0	0	0	0	0	0	0.44500000000000006	5	3	5	3	3	7.0
110022	2087	45	10	6	3	5	3	1	2	0	3	1	0	4.515000000000001	15	4	21	10	5	5.711111111111111
110768	2073	2	2	0	2	0	0	0	0	2	0	0	0	0.32	0	0	2	2	0	1.0
110838	2073	2	2	2	0	0	0	0	2	0	0	0	0	0.82	2	2	2	2	0	0.0
110913	1213	17	8	2	3	10	2	0	2	0	6	0	0	2.5600000000000005	8	5	11	8	6	1.7058823529411764
111707	2072	2	2	2	0	0	0	0	2	0	0	0	0	0.82	2	2	2	2	2	0.0
112491	2067	1	0	0	0	0	1	0	0	0	0	0	0	0.08	1	0	1	0	0	3.0
116472	2073	2	2	0	0	2	0	0	0	0	2	0	0	0.22	0	0	2	2	0	2.0
116582	2060	3	0	0	0	0	0	0	0	0	0	0	0	0.12	0	0	0	0	0	6.0
117137	2093	5	0	0	0	0	0	0	0	0	0	0	0	0.18000000000000002	0	0	0	0	0	6.6
117630	1213	11	2	0	0	0	0	2	0	0	0	0	2	0.55	0	0	0	0	0	5.0
117632	2086	2	0	0	0	0	2	0	0	0	0	0	0	0.16	2	0	2	0	0	3.0
117845	2087	41	19	1	3	0	0	2	1	3	0	0	0	1.9849999999999994	10	10	24	19	11	7.048780487804878
118033	2095	145	6	0	0	2	4	8	0	0	2	0	2	5.015000000000003	0	0	8	6	4	7.13103448275862
119506	2089	2	0	0	0	0	2	0	0	0	0	0	0	0.16	0	0	0	0	0	3.0
119890	2091	4	0	0	0	2	2	0	0	0	0	0	0	0.38	0	0	0	0	0	2.5
120232	2060	72	4	0	0	0	0	2	0	0	0	0	2	2.029999999999998	2	2	2	2	2	9.027777777777779
121213	2065	2	0	0	0	0	0	0	0	0	0	0	0	0.1	0	0	0	0	0	5.0
121418	2068	2	2	0	0	0	2	0	0	0	0	2	0	0.16	0	0	2	2	0	3.0
121502	2065	2	0	0	0	0	0	0	0	0	0	0	0	0.05	0	0	0	0	0	9.0
121512	2087	1215	61	8	17	47	24	22	1	4	2	2	3	43.894999999999165	75	11	151	50	36	8.214814814814815
121538	2087	22	3	2	2	5	0	3	0	2	0	0	0	2.1299999999999994	13	2	15	3	3	5.2272727272727275
121943	2085	33	0	0	0	0	0	0	0	0	0	0	0	0.9700000000000004	0	0	0	0	0	7.424242424242424
122481	2095	3	2	0	0	0	0	0	0	0	0	0	0	0.125	2	2	2	2	2	6.333333333333333
122592	2087	6631	429	79	46	40	43	184	10	6	7	10	14	236.70500000001857	350	132	772	358	298	8.002714522696426
122708	2058	3	2	0	0	0	2	0	0	0	0	2	0	0.185	2	2	2	2	0	5.333333333333333
122749	2086	2	0	0	0	0	0	2	0	0	0	0	0	0.12	2	0	2	0	0	4.0
123494	2087	2373	122	15	41	32	65	82	9	14	2	4	14	88.02000000000129	117	39	297	104	67	7.306363253265908
123547	2095	24	0	0	0	0	0	0	0	0	0	0	0	0.6050000000000002	0	0	0	0	0	8.458333333333334
123764	2093	2	0	0	0	0	0	0	0	0	0	0	0	0.06	0	0	0	0	0	7.0
123826	2093	11	0	0	1	0	2	0	0	0	0	0	0	0.5700000000000001	1	0	3	0	0	5.909090909090909
124687	2095	2	0	0	0	0	0	0	0	0	0	0	0	0.05	0	0	0	0	0	8.0
125133	2061	6	0	0	0	0	0	0	0	0	0	0	0	0.22	0	0	0	0	0	6.333333333333333
125691	2086	2	0	0	0	2	0	0	0	0	0	0	0	0.22	2	0	2	0	0	2.0
125898	2093	2	0	0	0	0	0	0	0	0	0	0	0	0.1	0	0	0	0	0	5.0
125919	2071	245	33	10	2	17	35	49	0	0	5	3	10	16.550000000000004	47	17	103	28	22	5.2122448979591836
125952	2087	3	0	0	0	0	0	0	0	0	0	0	0	0.15000000000000002	3	0	3	0	0	5.0
126560	2067	1	0	0	0	0	0	0	0	0	0	0	0	0.04	0	0	0	0	0	6.0
127579	2067	1	0	1	0	0	0	0	0	0	0	0	0	0.41	1	0	1	0	0	0.0
127843	2087	6636	912	16	47	213	58	936	4	20	83	21	160	277.2600000000097	480	323	1172	814	639	6.867239300783605
127947	2061	56	4	0	0	0	0	0	0	0	0	0	0	1.7950000000000013	0	0	4	4	4	6.803571428571429
131345	2087	73	4	4	0	7	1	3	3	0	0	0	0	4.215	7	3	15	4	2	7.1506849315068495
132221	2071	236	112	72	25	40	10	14	52	12	18	4	10	42.539999999999864	130	91	158	105	33	2.7796610169491527
